[0, 0.1, 74.18034197882325]

[-0.5, 0.1, -5.516928436408715]
[-0.5, 0.2, 28.683071563591277]
[-0.5, 0.5, 56.73129226499084]
[-0.5, 1, 18.25759289975581]
[-0.5, 2, 11.871146747903008]
[-0.2, 0.1, -4.317509645992629]
[-0.2, 0.2, 65.74713735965491]
[-0.2, 0.5, 44.89498205336631]
[-0.2, 1, 23.867651493092357]
[-0.2, 2, 11.385629941824876]
[0, 0.1, 74.18034197882325]
[0, 0.2, 60.06344511765572]
[0, 0.5, 43.11773503444628]
[0, 1, 32.68764539868199]
[0, 2, 7.337541807133116]
[0.2, 0.1, -5.568315367080923]
[0.2, 0.2, -5.568315367080923]
[0.2, 0.5, 66.44036035887211]
[0.2, 1, 40.27455966820721]
[0.2, 2, 4.176517951272706]
[0.5, 0.1, -5.568315367080923]
[0.5, 0.2, -5.568315367080923]
[0.5, 0.5, 54.4330504928044]
[0.5, 1, 37.75031492149256]
[0.5, 2, 17.199568981181738]
